	GeneList9	GeneList1	GeneList7	GeneList2	GeneList18	GeneList20	GeneList8	GeneList40
GeneList9	5.953799e-06	3.424625e-01	4.649917e-01	5.789474e-02	2.167183e-01	6.300310e-01	1.849250e-01	3.424625e-01
GeneList1	3.424625e-01	5.953799e-06	4.649917e-01	3.699690e-01	3.792570e-02	3.699690e-01	5.000000e-01	7.989998e-02
GeneList7	4.649917e-01	4.649917e-01	7.938398e-06	3.916409e-01	1.873065e-01	3.916409e-01	3.249583e-01	5.350083e-01
GeneList2	5.789474e-02	3.699690e-01	3.916409e-01	1.289990e-05	6.640867e-01	5.257353e-01	5.000000e-01	2.724458e-01
GeneList18	2.167183e-01	3.792570e-02	1.873065e-01	6.640867e-01	2.579979e-05	3.359133e-01	3.142415e-01	4.256966e-01
GeneList20	6.300310e-01	3.699690e-01	3.916409e-01	5.257353e-01	3.359133e-01	1.289990e-05	5.000000e-01	2.724458e-01
GeneList8	1.849250e-01	5.000000e-01	3.249583e-01	5.000000e-01	3.142415e-01	5.000000e-01	5.412544e-06	5.000000e-01
GeneList40	3.424625e-01	7.989998e-02	5.350083e-01	2.724458e-01	4.256966e-01	2.724458e-01	5.000000e-01	5.953799e-06
